0,278
48,2
48,0
2745,4
2745,3
2745,2
0,9
2745,1
2745,0
2744,52
2744,51
2744,50
2744,49
2744,48
2744,47
2744,46
2744,45
2744,44
2744,43
2744,42
2744,41
2744,40
2744,39
2744,38
2744,37
2744,36
2744,35
4,80
4,30
4,17
4,18
4,67
3,2
3,1
3,3
10,2
10,1
10,3
11,2
11,1
11,3
9,2
9,1
9,3
8,2
8,1
8,3
2725,3
2725,2
2725,1
2725,0
2724,3
2724,2
2724,1
2724,0
2719,3
2719,2
2719,1
2719,0
48,3
48,1
20,3
20,2
20,1
19,3
19,2
19,1
18,3
18,1
17,3
17,2
17,1
16,3
2,2
16,2
2,1
16,1
2,3
15,3
15,2
15,1
14,3
14,2
14,1
13,3
13,2
13,1
12,3
12,2
12,1
7,11
7,9
7,8
7,7
7,6
